# transform file /output/sourcedata/freesurfer/sub-1012/mri/transforms/cc_up.lta
# created by root on Wed Dec 13 16:29:18 2023

type      = 0 # LINEAR_VOX_TO_VOX
nxforms   = 1
mean      = 130.0000 136.0000 129.0000
sigma     = 10000.0000
1 4 4
9.999136924743652e-01 1.090634893625975e-02 7.337539922446012e-03 -3.496008634567261e+00 
-1.090605463832617e-02 9.999405741691589e-01 -8.003051334526390e-05 -3.573687076568604e+00 
-7.337976247072220e-03 -7.275958481545164e-12 9.999731779098511e-01 -1.504953384399414e+01 
0.000000000000000e+00 0.000000000000000e+00 0.000000000000000e+00 1.000000000000000e+00 
src volume info
valid = 1  # volume info valid
filename = /output/sourcedata/freesurfer/sub-1012/mri/norm.mgz
volume = 256 256 256
voxelsize = 1.000000000000000e+00 1.000000000000000e+00 1.000000000000000e+00
xras   = -1.000000000000000e+00 0.000000000000000e+00 0.000000000000000e+00
yras   = 0.000000000000000e+00 0.000000000000000e+00 -1.000000000000000e+00
zras   = 0.000000000000000e+00 1.000000000000000e+00 0.000000000000000e+00
cras   = 1.000000000000000e+00 0.000000000000000e+00 0.000000000000000e+00
dst volume info
valid = 1  # volume info valid
filename = /output/sourcedata/freesurfer/sub-1012/mri/norm.mgz
volume = 256 256 256
voxelsize = 1.000000000000000e+00 1.000000000000000e+00 1.000000000000000e+00
xras   = -1.000000000000000e+00 0.000000000000000e+00 0.000000000000000e+00
yras   = 0.000000000000000e+00 0.000000000000000e+00 -1.000000000000000e+00
zras   = 0.000000000000000e+00 1.000000000000000e+00 0.000000000000000e+00
cras   = 1.000000000000000e+00 0.000000000000000e+00 0.000000000000000e+00
