# transform file /output/sourcedata/freesurfer/sub-2002/mri/transforms/cc_up.lta
# created by root on Wed Dec 13 21:52:00 2023

type      = 0 # LINEAR_VOX_TO_VOX
nxforms   = 1
mean      = 132.0000 118.0000 131.0000
sigma     = 10000.0000
1 4 4
9.999328255653381e-01 -7.244891021400690e-03 9.037443436682224e-03 -2.342159986495972e+00 
7.244594860821962e-03 9.999736547470093e-01 6.547701923409477e-05 2.205290603637695e+01 
-9.037680923938751e-03 -7.275956746821688e-12 9.999591112136841e-01 6.179917335510254e+00 
0.000000000000000e+00 0.000000000000000e+00 0.000000000000000e+00 1.000000000000000e+00 
src volume info
valid = 1  # volume info valid
filename = /output/sourcedata/freesurfer/sub-2002/mri/norm.mgz
volume = 256 256 256
voxelsize = 1.000000000000000e+00 1.000000000000000e+00 1.000000000000000e+00
xras   = -1.000000000000000e+00 0.000000000000000e+00 0.000000000000000e+00
yras   = 0.000000000000000e+00 0.000000000000000e+00 -1.000000000000000e+00
zras   = 0.000000000000000e+00 1.000000000000000e+00 0.000000000000000e+00
cras   = 1.000000000000000e+00 -5.000000000000000e+00 7.000000000000000e+00
dst volume info
valid = 1  # volume info valid
filename = /output/sourcedata/freesurfer/sub-2002/mri/norm.mgz
volume = 256 256 256
voxelsize = 1.000000000000000e+00 1.000000000000000e+00 1.000000000000000e+00
xras   = -1.000000000000000e+00 0.000000000000000e+00 0.000000000000000e+00
yras   = 0.000000000000000e+00 0.000000000000000e+00 -1.000000000000000e+00
zras   = 0.000000000000000e+00 1.000000000000000e+00 0.000000000000000e+00
cras   = 1.000000000000000e+00 -5.000000000000000e+00 7.000000000000000e+00
