# transform file transforms/talairach.lta
# created by root on Wed Dec 13 21:01:23 2023

type      = 0 # LINEAR_VOX_TO_VOX
nxforms   = 1
mean      = 132.0000 118.0000 131.0000
sigma     = 10000.0000
1 4 4
1.256065726280212e+00 5.233907722868025e-04 4.568656161427498e-02 -4.206374359130859e+01 
8.276929147541523e-03 1.502655744552612e+00 1.653466969728470e-01 -7.878098297119141e+01 
-3.818828612565994e-02 -1.063815280795097e-01 1.201599359512329e+00 -2.753941345214844e+01 
0.000000000000000e+00 0.000000000000000e+00 0.000000000000000e+00 1.000000000000000e+00 
src volume info
valid = 1  # volume info valid
filename = nu.mgz
volume = 256 256 256
voxelsize = 1.000000000000000e+00 1.000000000000000e+00 1.000000000000000e+00
xras   = -1.000000000000000e+00 0.000000000000000e+00 0.000000000000000e+00
yras   = 0.000000000000000e+00 0.000000000000000e+00 -1.000000000000000e+00
zras   = 0.000000000000000e+00 1.000000000000000e+00 0.000000000000000e+00
cras   = 1.000000000000000e+00 -5.000000000000000e+00 7.000000000000000e+00
dst volume info
valid = 1  # volume info valid
filename = /opt/freesurfer/average/RB_all_2020-01-02.gca
volume = 256 256 256
voxelsize = 1.000000000000000e+00 1.000000000000000e+00 1.000000000000000e+00
xras   = -1.000000000000000e+00 0.000000000000000e+00 0.000000000000000e+00
yras   = 0.000000000000000e+00 0.000000000000000e+00 -1.000000000000000e+00
zras   = 0.000000000000000e+00 1.000000000000000e+00 0.000000000000000e+00
cras   = 0.000000000000000e+00 0.000000000000000e+00 0.000000000000000e+00
