# transform file /output/sourcedata/freesurfer/sub-1015/mri/transforms/cc_up.lta
# created by root on Wed Dec 13 16:24:53 2023

type      = 0 # LINEAR_VOX_TO_VOX
nxforms   = 1
mean      = 130.0000 129.0000 127.0000
sigma     = 10000.0000
1 4 4
9.998989105224609e-01 1.352337654680014e-02 4.400062374770641e-03 -4.109653472900391e+00 
-1.352324523031712e-02 9.999086260795593e-01 -5.950913691776805e-05 1.477621269226074e+01 
-4.400464706122875e-03 -3.637978807091713e-12 9.999903440475464e-01 -4.266903102397919e-01 
0.000000000000000e+00 0.000000000000000e+00 0.000000000000000e+00 1.000000000000000e+00 
src volume info
valid = 1  # volume info valid
filename = /output/sourcedata/freesurfer/sub-1015/mri/norm.mgz
volume = 256 256 256
voxelsize = 1.000000000000000e+00 1.000000000000000e+00 1.000000000000000e+00
xras   = -1.000000000000000e+00 0.000000000000000e+00 0.000000000000000e+00
yras   = 0.000000000000000e+00 0.000000000000000e+00 -1.000000000000000e+00
zras   = 0.000000000000000e+00 1.000000000000000e+00 0.000000000000000e+00
cras   = 0.000000000000000e+00 -1.700000000000000e+01 1.900000000000000e+01
dst volume info
valid = 1  # volume info valid
filename = /output/sourcedata/freesurfer/sub-1015/mri/norm.mgz
volume = 256 256 256
voxelsize = 1.000000000000000e+00 1.000000000000000e+00 1.000000000000000e+00
xras   = -1.000000000000000e+00 0.000000000000000e+00 0.000000000000000e+00
yras   = 0.000000000000000e+00 0.000000000000000e+00 -1.000000000000000e+00
zras   = 0.000000000000000e+00 1.000000000000000e+00 0.000000000000000e+00
cras   = 0.000000000000000e+00 -1.700000000000000e+01 1.900000000000000e+01
