# transform file /output/sourcedata/freesurfer/sub-1016/mri/transforms/cc_up.lta
# created by root on Wed Dec 13 17:56:05 2023

type      = 0 # LINEAR_VOX_TO_VOX
nxforms   = 1
mean      = 130.0000 132.0000 128.0000
sigma     = 10000.0000
1 4 4
9.995938539505005e-01 -2.655679360032082e-02 1.033830270171165e-02 4.926341772079468e-01 
2.655537240207195e-02 9.996473193168640e-01 2.746490063145757e-04 1.154618644714355e+01 
-1.034195069223642e-02 2.910383045673370e-11 9.999465346336365e-01 -2.164747428894043e+01 
0.000000000000000e+00 0.000000000000000e+00 0.000000000000000e+00 1.000000000000000e+00 
src volume info
valid = 1  # volume info valid
filename = /output/sourcedata/freesurfer/sub-1016/mri/norm.mgz
volume = 256 256 256
voxelsize = 1.000000000000000e+00 1.000000000000000e+00 1.000000000000000e+00
xras   = -1.000000000000000e+00 0.000000000000000e+00 0.000000000000000e+00
yras   = 0.000000000000000e+00 0.000000000000000e+00 -1.000000000000000e+00
zras   = 0.000000000000000e+00 1.000000000000000e+00 0.000000000000000e+00
cras   = 0.000000000000000e+00 -1.700000000000000e+01 1.900000000000000e+01
dst volume info
valid = 1  # volume info valid
filename = /output/sourcedata/freesurfer/sub-1016/mri/norm.mgz
volume = 256 256 256
voxelsize = 1.000000000000000e+00 1.000000000000000e+00 1.000000000000000e+00
xras   = -1.000000000000000e+00 0.000000000000000e+00 0.000000000000000e+00
yras   = 0.000000000000000e+00 0.000000000000000e+00 -1.000000000000000e+00
zras   = 0.000000000000000e+00 1.000000000000000e+00 0.000000000000000e+00
cras   = 0.000000000000000e+00 -1.700000000000000e+01 1.900000000000000e+01
